# relative_time, cycles_done, cur_item, corpus_count, pending_total, pending_favs, map_size, saved_crashes, saved_hangs, max_depth, execs_per_sec, total_execs, edges_found, total_crashes, servers_count
64, 0, 597, 705, 691, 120, 39.67%, 52, 33, 4, 3139.41, 125514, 1187, 151, 0
69, 0, 639, 744, 727, 120, 40.98%, 59, 35, 4, 2189.95, 133634, 1226, 190, 0
75, 0, 749, 783, 757, 131, 41.48%, 74, 38, 5, 281.14, 145526, 1241, 265, 0
81, 0, 651, 828, 798, 137, 42.21%, 87, 41, 5, 489.69, 156716, 1263, 356, 0
86, 0, 651, 856, 826, 137, 42.58%, 93, 44, 5, 516.91, 165003, 1274, 387, 0
91, 0, 435, 896, 862, 143, 43.18%, 105, 46, 6, 3723.86, 177313, 1292, 597, 0
96, 0, 935, 978, 927, 152, 44.42%, 120, 46, 6, 4157.71, 198761, 1329, 1248, 0
101, 0, 941, 997, 939, 148, 44.52%, 124, 47, 6, 3459.78, 213333, 1332, 1302, 0
107, 0, 797, 1040, 970, 138, 44.79%, 129, 49, 6, 671.29, 230672, 1340, 1607, 0
113, 0, 797, 1046, 976, 138, 44.89%, 129, 52, 6, 341.09, 240364, 1343, 1628, 0
118, 0, 746, 1073, 987, 136, 45.45%, 130, 52, 6, 3885.53, 260116, 1360, 1637, 0
123, 0, 746, 1074, 988, 136, 45.45%, 131, 56, 6, 132.77, 264113, 1360, 1639, 0
128, 0, 753, 1095, 1003, 130, 45.62%, 132, 57, 6, 261.11, 279998, 1365, 1727, 0
133, 0, 0, 1205, 1106, 134, 47.33%, 146, 57, 6, 3526.55, 299242, 1416, 2087, 0
138, 0, 1230, 1282, 1174, 158, 48.93%, 152, 57, 6, 2617.90, 310492, 1464, 2272, 0
143, 0, 983, 1303, 1192, 156, 49.53%, 152, 59, 6, 387.95, 322822, 1482, 2283, 0
149, 0, 823, 1326, 1205, 161, 49.83%, 155, 60, 6, 740.89, 339297, 1491, 2649, 0
156, 0, 1036, 1347, 1209, 152, 50.03%, 157, 63, 6, 43.24, 355136, 1497, 2734, 0
161, 0, 962, 1363, 1218, 145, 50.20%, 159, 65, 6, 3296.24, 365948, 1502, 3335, 0
166, 0, 1373, 1395, 1243, 141, 50.60%, 163, 65, 7, 3997.75, 387871, 1514, 4051, 0
171, 0, 1373, 1411, 1259, 141, 50.64%, 164, 65, 7, 4199.42, 409123, 1515, 4865, 0
176, 0, 1373, 1419, 1267, 141, 50.67%, 166, 65, 7, 4185.07, 430427, 1516, 5678, 0
182, 0, 1285, 1428, 1274, 144, 50.77%, 166, 68, 8, 109.85, 441115, 1519, 5847, 0
187, 0, 1394, 1445, 1289, 144, 50.97%, 170, 70, 8, 3641.05, 452322, 1525, 5995, 0
192, 0, 1378, 1462, 1284, 123, 51.27%, 171, 70, 8, 3652.17, 470946, 1534, 6503, 0
198, 0, 1455, 1483, 1304, 125, 51.47%, 176, 71, 8, 4265.60, 488194, 1540, 6945, 0
203, 0, 1347, 1504, 1295, 105, 51.64%, 180, 73, 9, 73.90, 503591, 1545, 7163, 0
208, 0, 802, 1532, 1321, 100, 52.21%, 180, 74, 9, 4122.65, 521853, 1562, 7164, 0
214, 0, 1519, 1558, 1343, 110, 52.44%, 180, 76, 9, 86.91, 536966, 1569, 7165, 0
219, 0, 545, 1606, 1374, 102, 52.51%, 180, 77, 9, 341.27, 555375, 1571, 7178, 0
224, 0, 1518, 1626, 1369, 81, 52.54%, 181, 79, 9, 4364.73, 567390, 1572, 7201, 0
230, 0, 1044, 1645, 1377, 71, 52.54%, 181, 80, 9, 360.89, 587947, 1572, 7205, 0
235, 0, 1547, 1673, 1402, 70, 52.61%, 181, 80, 9, 658.63, 608477, 1574, 7213, 0
240, 0, 1605, 1690, 1415, 66, 52.64%, 181, 83, 9, 366.38, 616122, 1575, 7219, 0
245, 0, 1605, 1693, 1418, 66, 52.64%, 181, 86, 9, 1718.26, 618850, 1575, 7225, 0
251, 0, 1605, 1696, 1421, 66, 52.64%, 181, 89, 9, 65.01, 622968, 1575, 7225, 0
257, 0, 1605, 1696, 1421, 66, 52.64%, 181, 91, 9, 1724.95, 627195, 1575, 7227, 0
262, 0, 1654, 1718, 1431, 55, 52.81%, 184, 92, 9, 2958.98, 640767, 1580, 7347, 0
267, 0, 1707, 1736, 1431, 45, 52.94%, 185, 92, 9, 3986.58, 662538, 1584, 7447, 0
272, 0, 1755, 1766, 1437, 30, 53.24%, 190, 92, 10, 4089.79, 684048, 1593, 7940, 0
278, 0, 1719, 1782, 1438, 21, 53.34%, 196, 93, 10, 263.98, 703448, 1596, 8794, 0
283, 0, 1776, 1802, 1434, 8, 53.51%, 203, 93, 11, 4129.45, 724169, 1601, 9537, 0
288, 0, 1798, 1817, 1443, 6, 53.78%, 209, 93, 11, 3926.95, 743743, 1609, 10192, 0
293, 0, 1798, 1834, 1460, 6, 54.01%, 212, 93, 11, 4239.93, 765492, 1616, 10852, 0
299, 0, 1865, 1873, 1497, 21, 54.78%, 218, 94, 12, 723.11, 785149, 1639, 11556, 0
304, 0, 1878, 1892, 1505, 13, 54.81%, 221, 94, 13, 4178.25, 806182, 1640, 12465, 0
309, 0, 984, 1924, 1516, 0, 54.85%, 225, 94, 13, 4202.02, 827559, 1641, 13022, 0
314, 0, 1557, 1945, 1523, 1, 55.05%, 228, 94, 13, 4139.78, 848735, 1647, 13297, 0
319, 0, 1363, 1957, 1521, 0, 55.08%, 231, 95, 13, 4406.95, 866652, 1648, 13474, 0
324, 0, 1474, 1971, 1516, 0, 55.08%, 232, 95, 13, 4399.88, 888875, 1648, 13584, 0
329, 0, 1630, 1988, 1516, 0, 55.08%, 235, 95, 14, 4407.60, 911401, 1648, 13734, 0
334, 0, 1247, 2021, 1534, 0, 55.25%, 237, 95, 14, 3825.89, 930636, 1653, 14100, 0
340, 0, 717, 2040, 1544, 0, 55.38%, 237, 95, 14, 3938.39, 950300, 1657, 14219, 0
345, 0, 1801, 2050, 1523, 0, 55.38%, 238, 95, 14, 3868.54, 969689, 1657, 14418, 0
350, 0, 1657, 2061, 1506, 0, 55.38%, 240, 96, 14, 4134.66, 986704, 1657, 14753, 0
355, 0, 1936, 2072, 1492, 0, 55.45%, 240, 96, 14, 4086.81, 1007257, 1659, 15176, 0
360, 0, 1642, 2085, 1479, 0, 55.48%, 243, 96, 14, 4130.10, 1028185, 1660, 15599, 0
365, 0, 2094, 2103, 1477, 1, 55.65%, 246, 97, 14, 3548.99, 1041965, 1665, 15769, 0
370, 0, 2094, 2110, 1484, 1, 56.15%, 250, 97, 14, 1937.35, 1049763, 1680, 15994, 0
375, 0, 1997, 2122, 1486, 3, 56.18%, 250, 97, 14, 3110.60, 1064600, 1681, 16380, 0
380, 0, 435, 2136, 1492, 3, 56.42%, 250, 97, 14, 2791.66, 1078009, 1688, 16543, 0
385, 0, 1406, 2137, 1465, 0, 56.42%, 250, 98, 14, 2299.09, 1091908, 1688, 16683, 0
391, 0, 371, 2146, 1452, 0, 56.42%, 251, 100, 14, 2923.98, 1103482, 1688, 16881, 0
396, 0, 1826, 2161, 1445, 0, 56.42%, 253, 101, 14, 4037.51, 1119842, 1688, 17169, 0
401, 0, 2105, 2186, 1463, 0, 56.95%, 254, 101, 14, 2781.47, 1134353, 1704, 18310, 0
406, 0, 1684, 2200, 1443, 2, 57.12%, 255, 101, 15, 3048.15, 1148696, 1709, 18620, 0
411, 0, 2209, 2235, 1464, 3, 57.55%, 257, 101, 16, 3517.21, 1167738, 1722, 19008, 0
416, 0, 2230, 2258, 1481, 12, 57.85%, 258, 101, 17, 3470.05, 1185383, 1731, 19607, 0
421, 0, 2246, 2275, 1494, 12, 57.92%, 259, 101, 18, 3581.41, 1203276, 1733, 20138, 0
426, 0, 2261, 2284, 1493, 7, 57.99%, 261, 101, 18, 2293.42, 1214612, 1735, 20429, 0
431, 0, 2258, 2294, 1502, 8, 58.05%, 262, 101, 18, 2085.87, 1223945, 1737, 20778, 0
436, 0, 2242, 2305, 1509, 7, 58.05%, 264, 101, 19, 2903.53, 1239052, 1737, 21327, 0
441, 0, 2320, 2334, 1525, 6, 58.16%, 264, 101, 20, 3199.74, 1255269, 1740, 21814, 0
446, 0, 2335, 2343, 1529, 5, 58.22%, 265, 101, 20, 3489.49, 1273216, 1742, 22450, 0
451, 0, 2150, 2355, 1522, 2, 58.26%, 266, 101, 21, 3613.59, 1291553, 1743, 23120, 0
457, 0, 1598, 2360, 1510, 0, 58.26%, 266, 103, 21, 168.88, 1305040, 1743, 23363, 0
462, 0, 2368, 2369, 1500, 1, 58.26%, 267, 103, 21, 3512.68, 1323481, 1743, 23717, 0
467, 0, 52, 2376, 1484, 0, 58.26%, 269, 104, 21, 3883.38, 1339583, 1743, 23931, 0
472, 0, 2262, 2384, 1486, 0, 58.36%, 270, 104, 21, 3409.08, 1356128, 1746, 24763, 0
477, 0, 2119, 2389, 1471, 0, 58.36%, 270, 104, 21, 3621.33, 1374331, 1746, 25097, 0
482, 0, 1612, 2395, 1458, 0, 58.36%, 270, 105, 21, 3442.20, 1388951, 1746, 25275, 0
488, 0, 1678, 2402, 1451, 0, 58.36%, 270, 106, 21, 217.36, 1405622, 1746, 25633, 0
493, 0, 1289, 2412, 1452, 0, 58.36%, 272, 106, 21, 3267.92, 1423278, 1746, 26004, 0
498, 0, 1077, 2416, 1436, 0, 58.36%, 272, 106, 21, 3642.69, 1442426, 1746, 26477, 0
503, 0, 1374, 2422, 1431, 0, 58.39%, 272, 106, 21, 3879.01, 1462407, 1747, 26630, 0
508, 0, 1602, 2428, 1416, 0, 58.39%, 272, 106, 21, 3927.89, 1481964, 1747, 26931, 0
514, 0, 1518, 2432, 1395, 0, 58.39%, 274, 107, 21, 373.56, 1500487, 1747, 27339, 0
519, 0, 2311, 2442, 1373, 0, 58.46%, 275, 107, 21, 3756.53, 1520643, 1749, 27609, 0
524, 0, 2206, 2455, 1380, 0, 58.49%, 276, 107, 21, 3826.28, 1539338, 1750, 28314, 0
529, 0, 1789, 2465, 1370, 0, 58.49%, 278, 107, 21, 4034.10, 1560287, 1750, 28705, 0
534, 0, 1605, 2472, 1362, 0, 58.49%, 280, 107, 21, 4105.43, 1581018, 1750, 28881, 0
539, 0, 645, 2478, 1355, 0, 58.52%, 280, 108, 21, 3634.34, 1596853, 1751, 29079, 0
545, 0, 891, 2487, 1340, 0, 58.52%, 280, 108, 21, 3755.39, 1617074, 1751, 29359, 0
550, 0, 1713, 2490, 1322, 0, 58.56%, 282, 108, 21, 3784.19, 1637156, 1752, 29609, 0
555, 0, 2481, 2513, 1339, 0, 58.56%, 282, 108, 21, 3300.36, 1652993, 1752, 29724, 0
560, 0, 2338, 2522, 1337, 0, 58.56%, 282, 109, 21, 3752.00, 1667237, 1752, 29995, 0
565, 0, 1885, 2534, 1334, 0, 58.69%, 282, 109, 21, 3720.58, 1685381, 1756, 30388, 0
570, 1, 306, 2542, 1328, 0, 58.69%, 283, 109, 21, 3907.65, 1705510, 1756, 30903, 0
575, 1, 1715, 2551, 1304, 0, 58.69%, 283, 109, 21, 4117.60, 1726637, 1756, 31291, 0
580, 1, 2260, 2566, 1296, 0, 58.69%, 284, 109, 22, 4013.28, 1747209, 1756, 31536, 0
585, 1, 2545, 2573, 1284, 0, 58.69%, 284, 111, 22, 3788.57, 1757303, 1756, 31722, 0
590, 1, 1259, 2575, 1251, 0, 58.69%, 285, 111, 22, 3701.17, 1775408, 1756, 32107, 0
595, 1, 1407, 2578, 1207, 0, 58.69%, 286, 111, 22, 3620.59, 1793568, 1756, 32373, 0
600, 1, 1892, 2585, 1183, 0, 58.69%, 287, 111, 22, 3813.94, 1812955, 1756, 32729, 0
606, 1, 2086, 2607, 1200, 0, 58.69%, 287, 112, 22, 590.91, 1829361, 1756, 32771, 0
611, 1, 2415, 2625, 1215, 0, 58.69%, 289, 112, 22, 3618.54, 1846452, 1756, 32870, 0
616, 1, 1715, 2636, 1213, 0, 58.69%, 290, 112, 22, 4141.43, 1868272, 1756, 33183, 0
621, 1, 2627, 2660, 1228, 0, 58.69%, 290, 112, 22, 4137.61, 1888971, 1756, 33286, 0
626, 1, 2521, 2675, 1232, 0, 58.69%, 291, 112, 22, 3908.33, 1908308, 1756, 33798, 0
632, 1, 2572, 2690, 1233, 0, 58.69%, 291, 112, 22, 4177.74, 1930312, 1756, 34045, 0
637, 1, 2339, 2701, 1213, 0, 58.69%, 291, 113, 22, 2685.13, 1945707, 1756, 34346, 0
642, 1, 2616, 2714, 1206, 0, 58.69%, 292, 113, 22, 3487.01, 1964736, 1756, 34596, 0
647, 1, 2303, 2731, 1198, 0, 58.76%, 292, 114, 22, 3921.09, 1980636, 1758, 34867, 0
652, 1, 554, 2742, 1180, 0, 58.79%, 293, 114, 22, 3531.85, 1998331, 1759, 35160, 0
657, 1, 1386, 2757, 1176, 0, 58.79%, 294, 114, 22, 3773.65, 2017912, 1759, 35232, 0
662, 1, 2716, 2771, 1157, 0, 58.82%, 294, 114, 22, 3676.81, 2036277, 1760, 35487, 0
667, 1, 2684, 2788, 1169, 0, 58.82%, 295, 114, 22, 3785.79, 2055780, 1760, 35928, 0
672, 1, 2251, 2799, 1161, 0, 58.82%, 295, 114, 22, 3763.93, 2074821, 1760, 36121, 0
677, 1, 2038, 2804, 1138, 0, 58.82%, 296, 116, 22, 3566.35, 2086420, 1760, 36294, 0
682, 1, 2563, 2812, 1118, 0, 58.82%, 296, 116, 22, 3770.17, 2104838, 1760, 36474, 0
687, 1, 2500, 2821, 1103, 0, 58.82%, 296, 117, 22, 3980.38, 2120947, 1760, 36694, 0
693, 1, 909, 2830, 1078, 0, 58.82%, 296, 117, 22, 3822.49, 2141009, 1760, 36922, 0
698, 1, 2438, 2839, 1056, 0, 58.82%, 297, 117, 22, 3748.01, 2160081, 1760, 37232, 0
703, 1, 987, 2848, 1049, 0, 58.82%, 299, 117, 22, 3790.01, 2179250, 1760, 37404, 0
708, 1, 1264, 2856, 1050, 0, 58.82%, 299, 117, 22, 3562.62, 2197187, 1760, 37834, 0
713, 1, 1289, 2863, 1021, 0, 58.82%, 299, 117, 22, 3783.34, 2216621, 1760, 38276, 0
718, 1, 1672, 2876, 1019, 0, 58.82%, 299, 117, 22, 3622.81, 2234515, 1760, 38607, 0
723, 1, 2437, 2885, 998, 0, 58.82%, 299, 117, 22, 3737.76, 2253578, 1760, 38901, 0
728, 1, 1403, 2893, 976, 0, 58.82%, 300, 117, 22, 3824.44, 2273399, 1760, 39320, 0
733, 1, 2157, 2903, 960, 0, 58.82%, 300, 117, 22, 2193.27, 2288914, 1760, 39611, 0
738, 1, 2835, 2909, 934, 0, 58.86%, 300, 117, 22, 3327.86, 2306878, 1761, 40018, 0
744, 1, 1045, 2917, 900, 0, 58.89%, 301, 118, 22, 549.58, 2325673, 1762, 40256, 0
749, 1, 2844, 2931, 894, 0, 58.89%, 301, 118, 22, 3873.28, 2345636, 1762, 40593, 0
755, 1, 2709, 2937, 880, 0, 58.89%, 302, 118, 22, 3742.15, 2364429, 1762, 40891, 0
760, 1, 2446, 2948, 865, 0, 58.89%, 303, 118, 22, 3841.77, 2383953, 1762, 41199, 0
765, 1, 1371, 2959, 857, 1, 58.96%, 303, 118, 22, 3677.25, 2402156, 1764, 41743, 0
770, 1, 2950, 2968, 856, 1, 59.06%, 303, 119, 22, 3341.15, 2416685, 1767, 42243, 0
775, 1, 1433, 2974, 830, 0, 59.06%, 303, 119, 22, 3618.11, 2435840, 1767, 42630, 0
780, 1, 2906, 2982, 807, 0, 59.06%, 303, 119, 22, 3735.08, 2454854, 1767, 43040, 0
785, 1, 1143, 2991, 797, 0, 59.06%, 303, 120, 22, 208.53, 2469996, 1767, 43408, 0
790, 1, 2815, 3002, 786, 0, 59.06%, 303, 120, 22, 3200.12, 2485757, 1767, 43620, 0
795, 1, 1954, 3017, 791, 0, 59.06%, 304, 120, 22, 3476.70, 2503043, 1767, 44115, 0
800, 1, 2963, 3026, 778, 0, 59.06%, 304, 120, 23, 3671.73, 2521868, 1767, 44462, 0
805, 1, 2595, 3034, 774, 0, 59.06%, 306, 120, 23, 3293.74, 2538138, 1767, 45162, 0
810, 1, 3048, 3057, 796, 0, 59.06%, 306, 120, 23, 2776.70, 2551787, 1767, 45239, 0
815, 1, 2550, 3066, 780, 0, 59.06%, 306, 120, 23, 3269.03, 2568218, 1767, 45456, 0
821, 1, 2068, 3076, 771, 0, 59.06%, 306, 121, 23, 3269.57, 2582132, 1767, 45682, 0
826, 1, 2224, 3084, 765, 0, 59.09%, 306, 122, 24, 3796.01, 2596896, 1768, 46060, 0
831, 1, 2918, 3092, 743, 0, 59.09%, 306, 122, 24, 3763.98, 2615487, 1768, 46267, 0
836, 1, 3095, 3100, 727, 0, 59.12%, 306, 122, 24, 3180.81, 2632049, 1769, 46473, 0
841, 1, 876, 3107, 709, 0, 59.12%, 307, 122, 24, 3375.81, 2649666, 1769, 46705, 0
846, 1, 787, 3115, 694, 0, 59.12%, 307, 122, 24, 3506.69, 2667857, 1769, 46832, 0
851, 1, 2861, 3120, 681, 0, 59.12%, 307, 123, 24, 2967.32, 2681724, 1769, 47047, 0
856, 1, 2569, 3126, 664, 0, 59.12%, 307, 123, 24, 3271.00, 2699628, 1769, 47240, 0
861, 1, 3084, 3131, 641, 0, 59.12%, 307, 123, 24, 3346.00, 2717198, 1769, 47554, 0
866, 1, 3079, 3139, 632, 0, 59.12%, 307, 123, 25, 3357.22, 2733639, 1769, 48391, 0
872, 1, 818, 3141, 616, 0, 59.12%, 308, 124, 25, 551.05, 2750462, 1769, 48923, 0
877, 1, 2658, 3145, 595, 0, 59.12%, 308, 124, 25, 3618.24, 2768775, 1769, 49314, 0
882, 1, 2074, 3156, 596, 0, 59.12%, 308, 124, 25, 3113.90, 2783449, 1769, 49815, 0
887, 1, 2245, 3161, 585, 0, 59.12%, 310, 124, 25, 3176.64, 2799070, 1769, 50372, 0
892, 1, 2396, 3167, 564, 0, 59.12%, 311, 124, 25, 3635.48, 2818491, 1769, 50617, 0
897, 1, 935, 3175, 546, 0, 59.12%, 312, 124, 25, 3786.08, 2837424, 1769, 50837, 0
903, 1, 3134, 3182, 532, 0, 59.12%, 312, 124, 26, 3463.21, 2854992, 1769, 51464, 0
908, 1, 2304, 3189, 525, 0, 59.12%, 312, 124, 26, 3413.29, 2872454, 1769, 52243, 0
914, 1, 1635, 3193, 519, 0, 59.12%, 312, 127, 26, 448.40, 2882721, 1769, 52462, 0
919, 1, 3132, 3205, 517, 0, 59.12%, 312, 127, 26, 3743.98, 2901812, 1769, 52662, 0
924, 1, 2494, 3211, 513, 0, 59.12%, 312, 127, 26, 3721.39, 2920464, 1769, 52730, 0
929, 1, 3098, 3218, 498, 0, 59.12%, 312, 127, 26, 3347.18, 2936046, 1769, 52924, 0
934, 1, 1748, 3224, 486, 0, 59.12%, 312, 127, 26, 3738.38, 2955495, 1769, 53365, 0
939, 1, 2529, 3227, 469, 0, 59.12%, 313, 127, 26, 3773.11, 2974324, 1769, 53695, 0
944, 1, 628, 3234, 453, 0, 59.12%, 313, 127, 26, 3193.00, 2990487, 1769, 53970, 0
949, 1, 508, 3237, 434, 0, 59.12%, 314, 127, 26, 3588.26, 3009016, 1769, 54319, 0
954, 1, 1568, 3242, 421, 0, 59.12%, 314, 127, 26, 3506.41, 3026426, 1769, 54640, 0
960, 1, 2093, 3248, 412, 0, 59.12%, 315, 128, 26, 3328.11, 3041744, 1769, 54978, 0
965, 1, 3096, 3255, 405, 0, 59.12%, 315, 128, 26, 3400.12, 3058228, 1769, 55369, 0
970, 1, 3258, 3269, 408, 0, 59.12%, 315, 128, 26, 3474.30, 3076663, 1769, 56424, 0
975, 1, 2873, 3282, 409, 0, 59.16%, 315, 128, 26, 3691.24, 3096077, 1770, 56956, 0
980, 2, 3180, 3289, 405, 0, 59.16%, 316, 128, 27, 3107.38, 3112665, 1770, 57483, 0
985, 2, 2457, 3301, 409, 0, 59.16%, 317, 128, 27, 3341.51, 3129540, 1770, 58016, 0
991, 2, 3252, 3321, 422, 0, 59.16%, 317, 128, 27, 3055.74, 3145150, 1770, 58440, 0
996, 2, 3313, 3332, 432, 0, 59.16%, 317, 128, 27, 2932.32, 3159991, 1770, 58687, 0
1001, 2, 2461, 3337, 431, 0, 59.16%, 317, 130, 27, 3488.37, 3168991, 1770, 58791, 0
1006, 2, 3237, 3342, 428, 0, 59.16%, 317, 130, 27, 2920.29, 3181932, 1770, 59003, 0
1011, 2, 1286, 3349, 429, 0, 59.16%, 317, 130, 27, 3039.86, 3196501, 1770, 59744, 0
1016, 2, 2961, 3355, 425, 0, 59.16%, 318, 130, 27, 3469.80, 3214603, 1770, 59990, 0
1021, 2, 1036, 3358, 418, 0, 59.16%, 318, 130, 27, 3230.71, 3231350, 1770, 60332, 0
1026, 2, 3285, 3360, 407, 0, 59.16%, 318, 130, 27, 3105.26, 3245624, 1770, 60657, 0
1031, 2, 2306, 3364, 403, 0, 59.16%, 320, 130, 27, 3392.31, 3261711, 1770, 60940, 0
1036, 2, 3278, 3372, 399, 0, 59.16%, 320, 130, 27, 3486.32, 3279969, 1770, 61319, 0
1042, 2, 3218, 3381, 399, 0, 59.16%, 321, 130, 27, 3522.78, 3297738, 1770, 61741, 0
1047, 2, 3386, 3399, 407, 1, 59.29%, 325, 130, 27, 3788.50, 3317917, 1774, 61946, 0
1052, 2, 3145, 3413, 414, 0, 59.29%, 326, 130, 27, 3548.73, 3335859, 1774, 62049, 0
1057, 2, 3325, 3418, 409, 0, 59.29%, 328, 130, 27, 3803.14, 3356096, 1774, 62308, 0
1062, 2, 2522, 3422, 403, 0, 59.36%, 329, 130, 27, 3397.60, 3372443, 1776, 62574, 0
1067, 2, 1330, 3432, 403, 0, 59.39%, 330, 130, 27, 3513.30, 3389737, 1777, 63533, 0
1072, 2, 1643, 3438, 400, 0, 59.39%, 330, 130, 27, 3191.27, 3405100, 1777, 63725, 0
1077, 2, 1486, 3442, 385, 0, 59.39%, 331, 130, 27, 3561.18, 3424037, 1777, 63981, 0
1083, 2, 3266, 3447, 374, 0, 59.39%, 331, 130, 27, 3313.42, 3440707, 1777, 64272, 0
1088, 2, 2829, 3453, 367, 0, 59.39%, 331, 130, 27, 3188.98, 3456611, 1777, 64503, 0
1093, 2, 3017, 3457, 358, 0, 59.39%, 331, 130, 27, 2841.34, 3471853, 1777, 64869, 0
1098, 2, 3320, 3458, 347, 0, 59.43%, 331, 130, 27, 216.26, 3485848, 1778, 65172, 0
1103, 2, 3320, 3458, 347, 0, 59.43%, 331, 130, 27, 210.76, 3486932, 1778, 65172, 0
1108, 2, 3428, 3463, 344, 0, 59.43%, 331, 130, 27, 3095.71, 3498740, 1778, 65326, 0
1113, 2, 3418, 3473, 352, 0, 59.46%, 331, 130, 28, 2851.49, 3512279, 1779, 66299, 0
1118, 2, 923, 3475, 342, 0, 59.46%, 331, 130, 28, 3130.35, 3528045, 1779, 66569, 0
1123, 2, 3255, 3477, 338, 0, 59.46%, 331, 130, 28, 2299.25, 3538225, 1779, 66702, 0
1128, 2, 2461, 3482, 334, 0, 59.46%, 331, 130, 28, 3030.96, 3554957, 1779, 67064, 0
1133, 2, 3422, 3488, 323, 0, 59.46%, 332, 130, 29, 3056.09, 3570083, 1779, 67352, 0
1138, 2, 3230, 3501, 323, 0, 59.46%, 333, 130, 29, 3442.62, 3587243, 1779, 67647, 0
1143, 2, 3503, 3508, 323, 0, 59.46%, 333, 130, 29, 2484.90, 3599853, 1779, 68186, 0
1149, 2, 3503, 3509, 324, 0, 59.46%, 333, 130, 29, 2225.36, 3610730, 1779, 69561, 0
1154, 2, 2725, 3512, 315, 0, 59.46%, 333, 130, 29, 3805.97, 3625548, 1779, 69817, 0
1159, 2, 1256, 3515, 303, 0, 59.46%, 333, 130, 29, 3288.62, 3641659, 1779, 70037, 0
1164, 2, 2583, 3517, 299, 0, 59.46%, 333, 131, 29, 3615.00, 3652208, 1779, 70165, 0
1169, 2, 3358, 3517, 298, 0, 59.46%, 334, 131, 29, 60.96, 3654572, 1779, 70188, 0
1174, 2, 3191, 3520, 295, 0, 59.46%, 334, 131, 29, 3284.23, 3664900, 1779, 70303, 0
1179, 2, 3472, 3523, 293, 0, 59.46%, 334, 131, 29, 2424.46, 3676122, 1779, 70692, 0
1184, 2, 507, 3524, 286, 0, 59.46%, 334, 131, 29, 3091.91, 3692376, 1779, 71118, 0
1189, 2, 3415, 3532, 288, 0, 59.46%, 334, 131, 29, 2809.37, 3706588, 1779, 71422, 0
1195, 2, 3474, 3535, 280, 0, 59.46%, 334, 131, 29, 3167.95, 3723056, 1779, 71636, 0
1200, 2, 3492, 3536, 273, 0, 59.46%, 334, 131, 29, 2762.65, 3735301, 1779, 71849, 0
1205, 2, 3269, 3544, 271, 0, 59.46%, 334, 131, 29, 3423.60, 3753634, 1779, 72167, 0
1210, 2, 1486, 3548, 268, 0, 59.46%, 334, 131, 29, 2668.50, 3765722, 1779, 72770, 0
1215, 2, 3534, 3557, 266, 0, 59.46%, 334, 131, 29, 3101.87, 3782380, 1779, 72934, 0
1220, 2, 2822, 3563, 270, 0, 59.46%, 334, 132, 29, 552.15, 3796339, 1779, 72969, 0
1225, 2, 831, 3565, 260, 0, 59.49%, 335, 132, 29, 3692.45, 3815322, 1780, 73248, 0
1231, 2, 3545, 3572, 263, 0, 59.49%, 336, 132, 29, 3210.22, 3829016, 1780, 73462, 0
1236, 2, 2854, 3579, 262, 0, 59.49%, 336, 132, 29, 3070.89, 3843147, 1780, 73917, 0
1241, 2, 2019, 3582, 257, 0, 59.49%, 336, 133, 29, 3976.50, 3857666, 1780, 74080, 0
1246, 2, 3583, 3592, 265, 1, 59.53%, 336, 133, 29, 2109.07, 3865870, 1781, 74146, 0
1251, 2, 2254, 3593, 261, 0, 59.53%, 336, 133, 29, 2356.42, 3876275, 1781, 74194, 0
1256, 2, 3582, 3598, 256, 0, 59.53%, 336, 133, 29, 3126.48, 3893668, 1781, 74515, 0
1261, 2, 3346, 3602, 256, 0, 59.53%, 339, 133, 29, 2887.05, 3909416, 1781, 75224, 0
1266, 2, 3487, 3607, 255, 0, 59.53%, 339, 133, 29, 2654.75, 3921269, 1781, 75385, 0
1272, 2, 209, 3611, 253, 0, 59.53%, 339, 133, 29, 2896.71, 3935171, 1781, 75571, 0
1277, 2, 3280, 3612, 250, 0, 59.53%, 339, 133, 29, 3039.33, 3949452, 1781, 75744, 0
1282, 2, 923, 3613, 243, 0, 59.53%, 339, 134, 29, 3219.29, 3962405, 1781, 76029, 0
1287, 2, 3295, 3616, 241, 0, 59.53%, 339, 134, 29, 3089.94, 3978423, 1781, 76483, 0
1292, 2, 2420, 3618, 233, 0, 59.53%, 339, 134, 29, 3462.31, 3995504, 1781, 76696, 0
1297, 2, 3573, 3621, 229, 0, 59.53%, 340, 134, 29, 3477.89, 4012906, 1781, 76996, 0
1302, 2, 3378, 3625, 225, 0, 59.53%, 340, 134, 29, 3688.35, 4025281, 1781, 77268, 0
1307, 2, 3456, 3629, 224, 0, 59.53%, 340, 134, 29, 3426.48, 4043097, 1781, 77476, 0
1312, 2, 3628, 3632, 221, 0, 59.53%, 340, 134, 29, 3436.84, 4060273, 1781, 77958, 0
1317, 2, 3608, 3635, 214, 0, 59.53%, 340, 134, 29, 2901.88, 4075444, 1781, 78275, 0
1323, 2, 3606, 3638, 207, 0, 59.53%, 341, 134, 29, 2601.67, 4090263, 1781, 78491, 0
1328, 2, 3438, 3644, 208, 0, 59.89%, 342, 134, 29, 2982.79, 4106483, 1792, 78883, 0
1333, 2, 2983, 3644, 201, 0, 59.89%, 346, 134, 29, 3211.61, 4121954, 1792, 79279, 0
1338, 2, 1547, 3646, 193, 0, 59.89%, 346, 134, 29, 2817.57, 4135904, 1792, 79486, 0
1343, 2, 3581, 3650, 190, 0, 59.89%, 346, 134, 29, 2698.22, 4149524, 1792, 79769, 0
1348, 2, 86, 3653, 182, 0, 59.89%, 347, 134, 29, 3363.21, 4166352, 1792, 79966, 0
1353, 2, 3657, 3660, 185, 0, 59.93%, 350, 134, 29, 3480.03, 4184359, 1793, 80382, 0
1358, 2, 3644, 3664, 186, 0, 59.93%, 350, 134, 29, 2343.32, 4195420, 1793, 80563, 0
1363, 2, 2916, 3667, 183, 0, 59.93%, 350, 134, 29, 3180.13, 4212936, 1793, 80970, 0
1369, 2, 1027, 3668, 179, 0, 59.93%, 350, 134, 29, 3253.52, 4228920, 1793, 81150, 0
1374, 2, 3645, 3673, 180, 0, 59.93%, 350, 134, 29, 3429.72, 4246284, 1793, 81518, 0
1379, 2, 3645, 3688, 195, 0, 59.93%, 350, 134, 29, 1900.50, 4253765, 1793, 81519, 0
1384, 2, 3683, 3693, 199, 0, 59.93%, 350, 134, 29, 1569.75, 4262079, 1793, 81582, 0
1389, 2, 3681, 3693, 197, 0, 59.93%, 350, 134, 29, 1304.22, 4268543, 1793, 81583, 0
1394, 2, 3688, 3693, 194, 0, 59.93%, 350, 134, 29, 1578.92, 4277705, 1793, 81688, 0
1399, 2, 774, 3700, 190, 0, 59.93%, 351, 134, 29, 2887.33, 4293955, 1793, 82223, 0
1404, 2, 1509, 3706, 192, 0, 59.93%, 353, 134, 29, 3090.23, 4309013, 1793, 82586, 0
1407, 2, 1289, 3707, 190, 0, 59.93%, 353, 134, 29, 3401.85, 4319343, 1793, 82767, 0
